27
74
32
49
39
23
83
88
50
93
42
82
1
91
48
24
44
7
38
32
89
60
63
93
35
44
76
2
74
15
58
42
12
72
4
63
15
87
59
57
16
26
39
68
8
3
20
66
90
80
87
35
65
87
15
62
32
65
97
6
90
96
85
25
80
29
86
3
47
17
90
65
78
41
87
49
32
23
2
44
53
0
35
57
57
10
63
27
54
56
36
46
75
74
83
80
95
22
97
96
90
38
89
71
86
94
67
3
74
35
69
85
22
91
50
52
9
71
49
35
12
82
57
68
61
37
6
74
46
0
63
31
98
28
65
61
26
62
83
86
22
86
47
26
20
44
19
58
48
9
73
80
67
14
70
27
48
35
71
10
15
59
98
37
13
82
79
25
2
49
64
34
51
30
59
55
25
87
86
72
12
41
62
37
7
35
91
38
35
39
59
65
99
87
37
59
93
16
33
42
52
56
57
86
59
37
78
76
42
70
18
15
5
18
10
59
7
66
83
41
79
80
99
42
37
92
54
53
74
90
49
44
74
9
5
49
22
27
22
23
4
45
92
93
1
97
35
14
88
85
94
15
54
3
98
5
8
66
33
56
68
53
70
49
24
86
72
40
24
48
20
91
15
57
72
42
87
26
54
80
80
65
91
76
66
29
65
81
7
38
33
68
57
73
69
82
97
92
77
56
0
13
47
32
30
30
35
82
16
90
100
75
81
0
62
22
76
83
52
45
33
62
100
27
78
32
3
2
44
55
23
35
95
13
45
67
22
16
21
76
21
78
6
71
69
75
60
66
42
37
13
12
98
83
32
16
88
17
48
25
86
65
57
1
15
8
49
98
49
27
97
36
87
9
91
58
40
63
54
0
52
7
21
12
55
95
23
8
82
84
4
5
38
99
75
3
3
84
24
5
81
23
34
97
69
86
16
34
34
41
44
52
75
36
56
60
71
36
95
15
100
61
40
38
70
45
80
21
57
68
93
55
79
54
97
24
1
25
0
38
32
84
94
27
3
60
16
42
13
22
10
66
55
63
80
64
84
41
99
19
78
62
1
62
37
18
63
73
14
41
15
96
32
88
89
37
94
16
24
25
82
81
57
37
36
61
9
59
35
10
30
10
17
24
52
91
96
84
7
75
65
37
39
36
14
64
29
2
96
84
29
11
46
13
48
58
1
78
79
35
57
42
67
52
3
56
84
9
4
80
29
8
65
13
43
92
57
98
58
42
66
54
94
55
64
62
68
14
55
56
38
70
90
42
90
27
25
47
66
58
79
3
68
56
94
72
97
96
95
5
9
78
90
24
9
31
15
95
86
16
31
71
67
55
72
54
31
64
25
7
24
14
77
69
61
20
98
0
95
90
66
78
37
21
96
21
52
86
30
44
98
90
90
16
12
80
23
71
85
7
90
58
33
56
3
10
80
76
15
48
80
94
77
40
92
13
14
42
28
94
44
69
37
79
41
90
7
73
24
78
53
96
23
95
37
40
54
67
18
61
36
20
98
37
80
60
74
16
92
55
75
37
89
75
93
33
40
88
35
60
73
13
66
0
17
30
91
5
1
100
64
50
14
85
75
60
87
85
80
43
75
88
32
75
11
100
47
19
2
82
6
20
28
52
46
85
99
36
36
83
14
64
97
5
8
24
81
14
66
84
8
61
34
44
91
63
83
76
49
78
55
49
4
99
65
51
57
97
59
57
5
47
13
12
6
76
52
24
100
80
86
83
1
7
83
99
95
1
36
49
49
12
87
70
55
66
9
59
63
55
42
32
93
54
25
82
66
100
11
83
70
95
29
50
49
15
98
33
10
63
16
52
3
77
69
13
63
69
18
93
95
74
76
45
25
49
16
52
25
18
17
89
90
68
22
3
62
30
96
2
51
69
85
21
66
85
26
82
100
78
59
84
15
49
40
1
49
98
98
86
87
68
74
5
97
14
84
65
35
94
75
71
73
4
89
23
88
54
79
36
8
64
73
91
5
20
80
9
71
73
89
2
67
15
13
95
66
58
31
46
40
17
98
14
57
32
8
72
69
16
8
75
61
11
15
5
62
46
33
68
2
71
74
81
60
95
62
67
45
89
12
27
10
13
62
66
29
11
18
53
72
6
46
95
24
18
48
41
21
22
12
57
68
71
77
54
54
91
93
74
51
99
91
88
15
34
13
86
34
86
61
6
55
28
2
45
11
0
88
54
77
66
79
8
62
4
52
27
52
64
98
28
88
62
100
50
58
35
12
9
67
79
100
10
30
29
40
83
21
46
